4023741
4023743
4023744
4023746
4023747
4023748
4023749
4023750
4023751
4023752
4023753
4023754
4023756
4023761
4023763
4023764
4023765
4023767
4023769
4023770
4023771
4023772
4023773
4023775
4023777
4023780
4023781
4023783
4023784
4023785
4023786
4023788
4023789
4023793
4023794
4023795
4023796
4023797
4023798
4023805
4023806
4023809
4023810
4023812
4023815
4023816
4023817
4023819
4023822
4023825
4023827
4023829
4023831
4023834
4023835
4023837
4023838
4023840
4023841
4023843
4023844
4023848
4023852
4023855
4023858
4023859
4023863
4023866
4023868
4023870
4023879
4023881
4023882
4023883
4023884
4023886
4023887
4023888
4023889
4023890
4023891
4023892
4023893
4023894
4023895
4023896
4023897
4023898
4023899
4023900

